{
  "0": [
  {"cam_R_m2c": [-0.6226984984050329, -0.7590934445814774, 0.18979916353225768, 0.24891399729612104, 0.03779111089403169, 0.9677880211531148, -0.7418142638384516, 0.6498838160246972, 0.16541651560528559], "cam_t_m2c": [429.2022945182496, 26.94078419319402, 1051.4162860440176], "obj_id": 1}
],
  "1": [
  {"cam_R_m2c": [-0.6226128227596941, -0.7590823287732087, 0.1901244094782354, 0.24972836763226341, 0.03751659095646488, 0.9675888836705031, -0.7416124428129093, 0.6499127045590409, 0.1662060802673053], "cam_t_m2c": [428.93057307715975, 26.88499202813759, 1051.453312832316], "obj_id": 1}
],
  "2": [
  {"cam_R_m2c": [-0.6223907280583786, -0.7593393100300815, 0.18982516658757664, 0.2494820214416366, 0.037414417285240774, 0.9676563865115555, -0.7418817308738341, 0.6496183291920308, 0.16615511961236148], "cam_t_m2c": [428.8611522134695, 26.89449064503185, 1051.407465498072], "obj_id": 1}
],
  "3": [
  {"cam_R_m2c": [-0.6228132313029009, -0.7590046350636395, 0.18977787770430862, 0.24886917409042766, 0.037770627872298915, 0.9678003481388512, -0.7417329796507557, 0.6499887257653355, 0.1653688098656086], "cam_t_m2c": [429.20648686481985, 26.89904195471584, 1051.315267822848], "obj_id": 1}
],
  "4": [
  {"cam_R_m2c": [-0.6220577492330162, -0.759375731232556, 0.19076859131988938, 0.250732396029878, 0.03761676149154983, 0.9673253045568512, -0.7417394570873728, 0.649564067717657, 0.16700029859201085], "cam_t_m2c": [429.73918957225794, 26.62259396071761, 1052.0731243314935], "obj_id": 1}
],
  "5": [
  {"cam_R_m2c": [-0.6235446521742716, -0.7591539723182967, 0.18675468684404584, 0.244551599929967, 0.03748894669404192, 0.9689112930745852, -0.7425540934615875, 0.6498306126900473, 0.16227628629691332], "cam_t_m2c": [429.6408997119996, 27.454737149897397, 1051.9068041285711], "obj_id": 1}
],
  "6": [
  {"cam_R_m2c": [-0.6228532886291644, -0.7591514586790703, 0.18905777854739014, 0.24748984975741267, 0.038049210987774015, 0.9681430843683494, -0.7421607340131164, 0.6498009851705728, 0.16418320425812402], "cam_t_m2c": [430.08617668300366, 27.033595308852142, 1052.387404297729], "obj_id": 1}
],
  "7": [
  {"cam_R_m2c": [-0.6227774786212668, -0.7590724712914305, 0.18962382616553713, 0.24841437069537248, 0.037982816474561205, 0.967908883152067, -0.7419154349076176, 0.6498971372303312, 0.16490966759308054], "cam_t_m2c": [429.99978536184346, 26.99057831281695, 1052.2199333563592], "obj_id": 1}
],
  "8": [
  {"cam_R_m2c": [-0.6293710197754359, -0.7574035345746403, 0.17387353243282994, 0.21789721697477596, 0.04277037043390488, 0.9750341010690828, -0.7459309098713337, 0.6515447653283609, 0.13811769065451282], "cam_t_m2c": [430.05982388861, 29.639550098594555, 1051.6212920482174], "obj_id": 1}
],
  "9": [
  {"cam_R_m2c": [-0.6564548793975887, -0.7492467789060593, 0.08772830566010009, 0.03973209881171158, 0.08179218014496037, 0.995857118060192, -0.753318227337633, 0.6572208940425046, -0.023923728698873492], "cam_t_m2c": [428.56270066613166, 35.502245936576884, 1049.4075394391805], "obj_id": 1}
],
  "10": [
  {"cam_R_m2c": [-0.6640227168258251, -0.7424898016566661, 0.08821975955019642, 0.04398229432875262, 0.07899528316814458, 0.995904263984628, -0.7464177043216679, 0.6651831624996449, -0.019798257553175935], "cam_t_m2c": [428.74232354521325, 35.471945906354165, 1049.4004116661176], "obj_id": 1}
],
  "11": [
  {"cam_R_m2c": [-0.6531590985971552, -0.7544519511076682, 0.06469501827485971, 0.03710409436528308, 0.05344682348240763, 0.9978811167874522, -0.7563110987557197, 0.6541755808110489, -0.006916022660679627], "cam_t_m2c": [427.1500087121259, 51.83760504010834, 1049.8110010892547], "obj_id": 1}
],
  "12": [
  {"cam_R_m2c": [-0.6174201125000657, -0.785796345492489, 0.03628371661027833, 0.017021484741650175, 0.03276875041970632, 0.9993180064689721, -0.7864494095220593, 0.6176166387060663, -0.006856665065776623], "cam_t_m2c": [521.2014764701524, 56.22318477582854, 1163.9121332434045], "obj_id": 1}
],
  "13": [
  {"cam_R_m2c": [-0.5985441071009907, -0.8005325668492308, 0.029875763897506055, 0.005965480334155178, 0.03283878365114018, 0.9994428584630021, -0.8010676406515623, 0.5983888565991978, -0.014879899154364301], "cam_t_m2c": [628.0674563633083, 54.28013526171365, 1309.6608083230576], "obj_id": 1}
],
  "14": [
  {"cam_R_m2c": [-0.5574122918581894, -0.829084648578984, 0.04370563323032506, 0.011727204360534484, 0.044774565883338724, 0.998928281173301, -0.8301530037067187, 0.55732744750337, -0.015235048279919517], "cam_t_m2c": [667.5435665013262, 52.69299625727788, 1368.497551418642], "obj_id": 1}
],
  "15": [
  {"cam_R_m2c": [-0.5439628852296389, -0.8378320598747269, 0.04627978974367668, 0.021039784184113283, 0.0415175936126897, 0.9989162211627648, -0.8388454607221363, 0.5443470665546785, -0.004956224287054827], "cam_t_m2c": [684.1025213025442, 52.21365617608291, 1394.7504294286168], "obj_id": 1}
],
  "16": [
  {"cam_R_m2c": [-0.555368261647842, -0.8283619706293632, 0.07336579290986006, 0.025446617444777733, 0.0712529764218704, 0.9971336334773008, -0.831215112720452, 0.5556432839205948, -0.018492631480241058], "cam_t_m2c": [699.3832068915954, 46.941982275152355, 1415.9369615573394], "obj_id": 1}
],
  "17": [
  {"cam_R_m2c": [-0.5690692323638823, -0.8150308575829289, 0.10901793414121078, 0.049669965669407755, 0.09826553782753294, 0.9939199055184808, -0.8207880988947037, 0.5710241547107279, -0.015437339463686015], "cam_t_m2c": [709.2008376249937, 39.07078894984207, 1428.9689127406473], "obj_id": 1}
],
  "18": [
  {"cam_R_m2c": [-0.5961389851602991, -0.7956535503049643, 0.10748831684957298, 0.05501537668024779, 0.09308239063104998, 0.9941373028325309, -0.8009941439865707, 0.598557513060787, -0.011716862110084417], "cam_t_m2c": [718.4100888859077, 32.65599233995252, 1442.4623018849686], "obj_id": 1}
],
  "19": [
  {"cam_R_m2c": [-0.6141282093526261, -0.7835068697044373, 0.0946759082517363, 0.04411770240188356, 0.08569318800773323, 0.9953443152315938, -0.7879721891108317, 0.6154459055473726, -0.018060081197455252], "cam_t_m2c": [724.3954300451833, 24.772684273699213, 1453.7194120852655], "obj_id": 1}
],
  "20": [
  {"cam_R_m2c": [-0.6330170996846435, -0.7697727243821325, 0.08209326588795984, 0.031170473414604903, 0.08061420971542295, 0.9962578736346664, -0.7735100213274234, 0.6332071556680854, -0.027035992986785246], "cam_t_m2c": [727.4161266242838, 18.070599275021436, 1458.4553145375444], "obj_id": 1}
],
  "21": [
  {"cam_R_m2c": [-0.6418729329182548, -0.7628814133318298, 0.07753120133048058, 0.0282464653915781, 0.0775169518726788, 0.9965908184231135, -0.7662905944743155, 0.6418746539357966, -0.028207329809843674], "cam_t_m2c": [722.3705316111982, 16.77627527806331, 1466.8224257466525], "obj_id": 1}
],
  "22": [
  {"cam_R_m2c": [-0.6371544020050973, -0.7676278489081383, 0.06915022477324914, 0.022137902905826626, 0.07145547128626364, 0.997198089086712, -0.7704181859616626, 0.636899993094616, -0.028534497290454642], "cam_t_m2c": [706.5658147824215, 19.044464709069246, 1480.4871936137056], "obj_id": 1}
],
  "23": [
  {"cam_R_m2c": [-0.6199072313867454, -0.7818025540068896, 0.06708048168226613, 0.02266257947015939, 0.06761426597943443, 0.9974541185076239, -0.7843477748844443, 0.6198492377863888, -0.024196909915403342], "cam_t_m2c": [700.3526729748233, 18.283657924523595, 1487.6704451638257], "obj_id": 1}
],
  "24": [
  {"cam_R_m2c": [-0.6338330946025791, -0.770882345690321, 0.06321405927091064, 0.016649962252016134, 0.06811050037496985, 0.9975388405950306, -0.7732906225627751, 0.6333256420212743, -0.030335527271107596], "cam_t_m2c": [692.4638107099737, 17.17113097367067, 1488.499277795515], "obj_id": 1}
],
  "25": [
  {"cam_R_m2c": [-0.6417805417593635, -0.7650431362486212, 0.05316705650994681, -1.0149269454706039e-05, 0.0693367615627727, 0.9975933106196032, -0.7668883465772908, 0.6402354357381831, -0.04450674902853017], "cam_t_m2c": [656.6640176305207, 22.377071865806755, 1497.039089790413], "obj_id": 1}
],
  "26": [
  {"cam_R_m2c": [-0.6334208087193575, -0.7725192887254811, 0.044632136722226025, -0.008951900363314749, 0.06499036088575005, 0.9978457378131276, -0.7737557383058301, 0.631656711781816, -0.04808176265262384], "cam_t_m2c": [603.496358124072, 27.565881117967052, 1519.784569548192], "obj_id": 1}
],
  "27": [
  {"cam_R_m2c": [-0.637360142432717, -0.7677905694710496, 0.06534286701292076, 0.012882863548134999, 0.07416922282282065, 0.9971624532706088, -0.7704583575151528, 0.636393406484684, -0.03738116528243633], "cam_t_m2c": [561.4783271449058, 25.04781151248187, 1531.6561927302723], "obj_id": 1}
],
  "28": [
  {"cam_R_m2c": [-0.6397511770369093, -0.7656332147213147, 0.06726226278824009, 0.02322804828506742, 0.06821442070684294, 0.997400245929635, -0.7682310129464677, 0.6396503523981949, -0.025856090657895445], "cam_t_m2c": [515.4293573423348, 22.96471771744865, 1539.2293170654875], "obj_id": 1}
],
  "29": [
  {"cam_R_m2c": [-0.636540657946905, -0.768387392824293, 0.06630841069733531, 0.016957943423046157, 0.07201092056520236, 0.9972596730411857, -0.7710566898324545, 0.6359207826986293, -0.032807608821439765], "cam_t_m2c": [468.9774789407967, 22.49847835768847, 1545.3186689691333], "obj_id": 1}
],
  "30": [
  {"cam_R_m2c": [-0.6324823966558584, -0.7716054767637693, 0.06775696383854486, 0.019067400369415916, 0.07193994806211404, 0.997226693443358, -0.774340010695311, 0.6320202782355775, -0.03078824021293486], "cam_t_m2c": [415.10697508887046, 21.60048480643718, 1553.4007500730154], "obj_id": 1}
],
  "31": [
  {"cam_R_m2c": [-0.6337088162926395, -0.7709744694278007, 0.06333643219745659, 0.009264600429078397, 0.07430538661688688, 0.9971924973136354, -0.7735161946151298, 0.6325164638254377, -0.039945208196884865], "cam_t_m2c": [359.41376161276094, 19.557573785635554, 1560.6198914363185], "obj_id": 1}
],
  "32": [
  {"cam_R_m2c": [-0.6314916890531903, -0.7732703112210687, 0.0571950386031892, 0.0030642013705632493, 0.07127428772176707, 0.9974520472582709, -0.7753765906491563, 0.6300579351883653, -0.042639664392022124], "cam_t_m2c": [307.1274163094467, 13.651820954561714, 1562.5201132863106], "obj_id": 1}
],
  "33": [
  {"cam_R_m2c": [-0.619149808178362, -0.7825363383445745, 0.065501100776726, 0.028128095495136958, 0.06125800721478762, 0.9977255468293319, -0.784768962992621, 0.6195840021517165, -0.015916626563053326], "cam_t_m2c": [273.04136632096066, 2.563921561559738, 1554.9203825841491], "obj_id": 1}
],
  "34": [
  {"cam_R_m2c": [-0.5915897178888117, -0.8030579637938036, 0.07155076851849063, 0.03457899180847074, 0.0633919459917438, 0.9973894698205361, -0.8054972991970527, 0.5925195085148929, -0.00973308869392523], "cam_t_m2c": [253.34263053796568, -4.0351411544347116, 1544.2841468958052], "obj_id": 1}
],
  "35": [
  {"cam_R_m2c": [-0.5878228909197838, -0.8063135745089157, 0.06574700353143965, 0.025153272005518708, 0.06301496827361344, 0.9976955581142436, -0.8085985170763823, 0.588122039491916, -0.016760216160448923], "cam_t_m2c": [239.30685028156253, -9.806294889704617, 1526.7285164999157], "obj_id": 1}
],
  "36": [
  {"cam_R_m2c": [-0.5875627353877467, -0.8063944517814675, 0.06706728054524845, 0.024284409881599973, 0.06527304363218542, 0.9975719007729182, -0.8088141315656963, 0.5877647640944949, -0.018769194670301192], "cam_t_m2c": [230.44724327057244, -15.234457343870616, 1508.933505512427], "obj_id": 1}
],
  "37": [
  {"cam_R_m2c": [-0.6711067071857126, -0.7385145768724575, 0.06489997933162042, 0.02302865991215748, 0.06673310471311322, 0.997505074452255, -0.7410030151038522, 0.6709269054690259, -0.027778033133329924], "cam_t_m2c": [224.228059083413, -17.479508260020907, 1489.6701575452337], "obj_id": 1}
],
  "38": [
  {"cam_R_m2c": [-0.8384880696166069, -0.5426866287601755, 0.04928468398531032, 0.01829087903169392, 0.06236344324659468, 0.9978858876097392, -0.544612890826929, 0.837616871792435, -0.04236478766371168], "cam_t_m2c": [217.6699601803108, -14.409511504275997, 1463.299664690639], "obj_id": 1}
],
  "39": [
  {"cam_R_m2c": [-0.9015825918773486, -0.4307431551007107, 0.04011439090410246, 0.016248594925603103, 0.058944378130921626, 0.9981290214444737, -0.4323017617205207, 0.9005475526703983, -0.046144254167666994], "cam_t_m2c": [210.70344855336015, -13.139847763256853, 1442.624963834563], "obj_id": 1}
],
  "40": [
  {"cam_R_m2c": [-0.9093342030078875, -0.41392210863330486, 0.04218761932805232, 0.01851522320711514, 0.06103850258376321, 0.9979636705371208, -0.41565429595951586, 0.9082636121671344, -0.047840537868095646], "cam_t_m2c": [205.5685571593662, -12.577178292149966, 1427.2604743072739], "obj_id": 1}
],
  "41": [
  {"cam_R_m2c": [-0.9055050290178638, -0.42249377570746827, 0.039492428537692546, 0.014202860309914462, 0.06284026974704632, 0.9979225316912808, -0.42409777314007957, 0.9041847764625134, -0.050901560202607915], "cam_t_m2c": [200.3126129481423, -11.826859706381981, 1413.0450932707804], "obj_id": 1}
],
  "42": [
  {"cam_R_m2c": [-0.7349015487538255, -0.6768655862813832, 0.042103346033163125, 0.0036430122192984797, 0.05814239255609369, 0.9983016531338729, -0.6781640230071182, 0.7338068140156595, -0.04026310473608028], "cam_t_m2c": [186.78963206265223, -6.651697123572944, 1411.1762199800128], "obj_id": 1}
],
  "43": [
  {"cam_R_m2c": [-0.2959817647960015, -0.9521319041275312, 0.07641748524209735, 0.012424958522789874, 0.07615759490122295, 0.9970183755300442, -0.9551127762279968, 0.29604874240797396, -0.010711059924473262], "cam_t_m2c": [166.3885639269928, -2.369276310159421, 1404.7740481337266], "obj_id": 1}
],
  "44": [
  {"cam_R_m2c": [0.05246896984947319, -0.995338949362968, 0.08091590130473764, 0.020974287741440473, 0.08210803189576336, 0.9964027049099894, -0.9984022668527321, -0.05058307008503227, 0.02518464937414049], "cam_t_m2c": [144.85635693022928, -3.069885405552668, 1394.355122764656], "obj_id": 1}
],
  "45": [
  {"cam_R_m2c": [0.05545484567522621, -0.9953146961018307, 0.07920489766963708, 0.019989164318411533, 0.08041777339601827, 0.9965607934450755, -0.998261084787436, -0.053680885292136354, 0.024355064222130983], "cam_t_m2c": [131.89331958563167, -7.312761221122997, 1383.405550364829], "obj_id": 1}
],
  "46": [
  {"cam_R_m2c": [0.039622179607981645, -0.9963057185048021, 0.076190538505401, 0.015886288714571414, 0.07686888797771196, 0.9969146402234986, -0.9990884388851621, -0.03828954603674642, 0.01887331317786468], "cam_t_m2c": [119.77360210555307, -15.561240369939242, 1372.4627700459066], "obj_id": 1}
],
  "47": [
  {"cam_R_m2c": [0.3067302137702653, -0.9496712729029343, 0.0635692487242709, 0.006963329664001511, 0.06902593363348593, 0.9975905635710558, -0.9517710270860519, -0.30554851318398923, 0.027785213524746517], "cam_t_m2c": [103.14642795269052, -19.04250885720279, 1362.2019707297898], "obj_id": 1}
],
  "48": [
  {"cam_R_m2c": [0.4174483663351035, -0.9065049770057976, 0.06313151437967952, 0.01003984696559514, 0.07407131516397841, 0.9972024076098022, -0.9086451798788462, -0.4156466852190657, 0.04002212075018406], "cam_t_m2c": [93.13412529149932, -18.9229298143984, 1350.904006418935], "obj_id": 1}
],
  "49": [
  {"cam_R_m2c": [0.4103648484516613, -0.9097375631573821, 0.06307342812717218, 0.012122968938079424, 0.07460158186340594, 0.9971397282264928, -0.9118408439960186, -0.4084264562487916, 0.04164258705559194], "cam_t_m2c": [88.80957886119216, -17.625445901600813, 1340.9187783042282], "obj_id": 1}
],
  "50": [
  {"cam_R_m2c": [0.6276006069394063, -0.777182364694746, 0.04588082580742573, 0.018800155717538666, 0.07404406239759692, 0.9970777456992294, -0.7783084429159718, -0.6249040316969826, 0.0610812479781774], "cam_t_m2c": [83.44586437157449, -13.28191747732987, 1342.648970104142], "obj_id": 1}
],
  "51": [
  {"cam_R_m2c": [0.8969663052974362, -0.4408727483766063, 0.03290390402252935, 0.0009898457834112001, 0.07642908982836859, 0.9970745280235236, -0.4420978029422802, -0.8943096857167906, 0.06899071435159926], "cam_t_m2c": [78.91865652869544, -9.913188764759013, 1331.1357829160636], "obj_id": 1}
],
  "52": [
  {"cam_R_m2c": [0.9560190163506505, -0.29304136593748326, 0.01242570824654312, 0.011152482062710543, 0.07865246019198519, 0.9968397126166216, -0.29309258352912143, -0.9528591440266719, 0.0784613862035505], "cam_t_m2c": [73.28640714387708, -13.76820749184381, 1317.4094922199563], "obj_id": 1}
],
  "53": [
  {"cam_R_m2c": [0.9486055057510195, -0.31603111063305356, 0.016490347809888797, 0.008807434179640243, 0.07845322606888723, 0.9968788895460446, -0.31633846361456525, -0.9454995655374056, 0.0772045853984952], "cam_t_m2c": [69.53863060436697, -16.28976862877346, 1308.1239037047783], "obj_id": 1}
],
  "54": [
  {"cam_R_m2c": [0.9371055271957107, -0.34828937261778947, 0.022972675524542012, 0.004106458744038137, 0.07681197869949058, 0.9970371391903377, -0.3490220163482996, -0.9342346776103828, 0.07341116573377385], "cam_t_m2c": [66.61927621120083, -18.107277257468382, 1299.3617586023315], "obj_id": 1}
],
  "55": [
  {"cam_R_m2c": [0.9296679508645802, -0.3673795815350525, 0.027381457345850634, -7.165319068284243e-05, 0.07414531476697325, 0.9972474453032845, -0.36839855591610715, -0.9271109509488261, 0.06890419892641272], "cam_t_m2c": [65.68747684970279, -19.203173848812185, 1292.933994968814], "obj_id": 1}
],
  "56": [
  {"cam_R_m2c": [0.9128295340704944, -0.4068826750273413, 0.03447797110096193, -0.004654661705845029, 0.07406065734112634, 0.9972428757121329, -0.4083143101252367, -0.9104732328832049, 0.06571085412743351], "cam_t_m2c": [65.51134357134359, -17.65735516347752, 1287.5705779047066], "obj_id": 1}
],
  "57": [
  {"cam_R_m2c": [0.9066075679482417, -0.42188703556588747, -0.008605054352046622, 0.043727956411237334, 0.0736468785917011, 0.9963252496558521, -0.41970297064361006, -0.9036522929175396, 0.08521707538869297], "cam_t_m2c": [-8.833915469518871, -11.988100758596659, 1314.943561150159], "obj_id": 1}
],
  "58": [
  {"cam_R_m2c": [0.9169307676586107, -0.398470452989588, 0.021430478652210882, 0.010630658892019973, 0.07807711117685914, 0.9968906428499554, -0.3989046959018052, -0.9138518823116515, 0.0758273089522453], "cam_t_m2c": [-112.1916194512705, -16.126945381783912, 1355.8361381972345], "obj_id": 1}
],
  "59": [
  {"cam_R_m2c": [0.9217286149051813, -0.38580127128271746, 0.039670386204512686, -0.012319535619465943, 0.07311001432947833, 0.9972477900937482, -0.38763976770591624, -0.9196805450162479, 0.06263469974000549], "cam_t_m2c": [-155.52905205426435, -26.411987552089954, 1374.9529773085048], "obj_id": 1}
],
  "60": [
  {"cam_R_m2c": [0.9215689032023088, -0.3863663386413273, 0.037839252310114105, -0.010492638428190895, 0.07264478224572661, 0.9973026823142942, -0.3880730101273579, -0.9194801726939879, 0.0628931700053776], "cam_t_m2c": [-186.31485964666894, -31.728670851786518, 1390.0552200027787], "obj_id": 1}
],
  "61": [
  {"cam_R_m2c": [0.9157481543082425, -0.3998276714263347, 0.03928296122801807, -0.010756421860645925, 0.07334337318158164, 0.9972487397831611, -0.4016087863453721, -0.9136512369455545, 0.06286334351635281], "cam_t_m2c": [-209.14665029759806, -22.389272596853118, 1402.6416649752562], "obj_id": 1}
],
  "62": [
  {"cam_R_m2c": [0.90865413313758, -0.4160909080797148, 0.03487151481354267, -0.0034108019470239156, 0.07611536287290334, 0.9970931841933353, -0.4175356664550598, -0.9061317827712063, 0.06774333539031323], "cam_t_m2c": [-225.20296572008954, -6.718896493736224, 1412.1463181227816], "obj_id": 1}
],
  "63": [
  {"cam_R_m2c": [0.9001616342127573, -0.43423646389536097, 0.03387810081854395, -0.0015258456271244336, 0.07463689188810398, 0.9972096099438704, -0.4355533309326664, -0.8977015248917296, 0.06652268876498398], "cam_t_m2c": [-239.48211237645165, 5.635233002926952, 1419.0517868417814], "obj_id": 1}
],
  "64": [
  {"cam_R_m2c": [0.8914292274586448, -0.45154441622355745, 0.03823051935051877, -0.005341979493627993, 0.0738874729333379, 0.9972522773093149, -0.45312845384898676, -0.8891840537936181, 0.06345331190390863], "cam_t_m2c": [-249.80228649363633, 7.599392600520474, 1424.5721944801744], "obj_id": 1}
],
  "65": [
  {"cam_R_m2c": [0.8579459480750156, -0.5118104197628384, 0.04448420398129829, -0.006669677714697238, 0.07548512225604379, 0.9971246219591472, -0.5136966668967637, -0.8557757244396321, 0.06134854422867805], "cam_t_m2c": [-255.30950949221406, 5.872207997606381, 1428.0245282875765], "obj_id": 1}
],
  "66": [
  {"cam_R_m2c": [0.7438846275310408, -0.6658666181106287, 0.057072828989973595, -0.008578830902287886, 0.07587785121139412, 0.9970802151060324, -0.6682529944439864, -0.7422022625817412, 0.050732009965994425], "cam_t_m2c": [-258.24903060145516, 4.139485842145831, 1434.3942298107875], "obj_id": 1}
],
  "67": [
  {"cam_R_m2c": [0.5603655174092401, -0.8256231895177356, 0.06585465685306979, -0.009630785252514804, 0.07301040119666796, 0.9972846781599131, -0.8281894317570675, -0.5594781767394172, 0.03296111160508556], "cam_t_m2c": [-256.08829775931406, 0.806222675219999, 1442.1858573710103], "obj_id": 1}
],
  "68": [
  {"cam_R_m2c": [0.4260738150446475, -0.9020769838151764, 0.06868929614003297, -0.01016927430835605, 0.07114560310650797, 0.9974141010726952, -0.9046312453112265, -0.4256705515178669, 0.021139810243571346], "cam_t_m2c": [-254.72420856574547, -2.554443047386769, 1447.677590080828], "obj_id": 1}
],
  "69": [
  {"cam_R_m2c": [0.24293525773150612, -0.9669541135021391, 0.07734470203070698, -0.008974954639172535, 0.07748938829419588, 0.9969527796696371, -0.9700009849171037, -0.24288914566749076, 0.010146535209864398], "cam_t_m2c": [-253.78217400540123, -1.658249997430488, 1452.7958395885678], "obj_id": 1}
],
  "70": [
  {"cam_R_m2c": [-0.0101177843153607, -0.9966126988920019, 0.08161347221965286, -0.006654826266743404, 0.08168295330710593, 0.996636146457868, -0.9999266691752489, 0.009540626092105375, -0.007458734870159346], "cam_t_m2c": [-252.90975248142138, 3.1446796937485715, 1454.6613850250735], "obj_id": 1}
],
  "71": [
  {"cam_R_m2c": [-0.21974597898091214, -0.9721038921200862, 0.08201053375451403, -0.004247601074511656, 0.08501792823188048, 0.9963703677670621, -0.9755478781724822, 0.21860003386124754, -0.022811457406949585], "cam_t_m2c": [-251.96108008953556, 4.935875547139375, 1456.8875173267268], "obj_id": 1}
],
  "72": [
  {"cam_R_m2c": [-0.3274199703479719, -0.9416593514866939, 0.07793477256650425, -0.006874810117751611, 0.08485318989243429, 0.9963697472077943, -0.9448539040524617, 0.3256955663234272, -0.03425635815558764], "cam_t_m2c": [-253.39668699867772, 3.8106242120245213, 1459.476827135189], "obj_id": 1}
],
  "73": [
  {"cam_R_m2c": [-0.37919841322653636, -0.9220568485828586, 0.07758692794488517, -0.0068579824005132245, 0.08664740297216957, 0.9962154363568019, -0.9252899715677629, 0.3772312229119247, -0.03918000735710073], "cam_t_m2c": [-255.43500547607417, 0.995158179623985, 1464.149753210742], "obj_id": 1}
],
  "74": [
  {"cam_R_m2c": [-0.384487904762398, -0.9198730109060566, 0.07747706046338355, -0.007221985544960002, 0.08692346245022942, 0.9961888147336586, -0.9231017787959294, 0.3824630119139486, -0.04006432954014391], "cam_t_m2c": [-261.54653793956595, -1.3509299049598837, 1468.533858581057], "obj_id": 1}
],
  "75": [
  {"cam_R_m2c": [-0.3754764656892494, -0.9236966071413809, 0.0761708715258724, -0.0061747186128075756, 0.08467533026157144, 0.9963894626576227, -0.926811359751035, 0.37365046019052994, -0.03749716037038772], "cam_t_m2c": [-265.1561864741328, -1.893242069586961, 1475.4448549361155], "obj_id": 1}
],
  "76": [
  {"cam_R_m2c": [-0.3410628052981245, -0.9358775132405727, 0.08837105325170497, 0.029941165168370976, 0.08314495076285544, 0.9960875683347339, -0.9395635632944342, 0.34237435268034366, -0.00033638695225346807], "cam_t_m2c": [-238.8781624344238, 6.266402892392819, 1570.2066185973622], "obj_id": 1}
],
  "77": [
  {"cam_R_m2c": [-0.343613508924516, -0.9354178605588037, 0.08320566466396162, 0.018418164404291858, 0.08187084126565546, 0.9964727475302222, -0.9389305233639801, 0.34393399293766225, -0.01090324710341077], "cam_t_m2c": [-191.7593055415516, 10.705379017356165, 1741.0861999499891], "obj_id": 1}
],
  "78": [
  {"cam_R_m2c": [-0.3312259635096985, -0.9406044801062186, 0.07451558965197916, -0.021239831441840065, 0.08638629889415775, 0.9960352789553649, -0.9433123717292137, 0.3283300463976446, -0.048591665696149734], "cam_t_m2c": [-133.43219880721105, 8.049005928131834, 1923.6419348291638], "obj_id": 1}
],
  "79": [
  {"cam_R_m2c": [-0.3165701467932913, -0.9463826584333643, 0.0643677401799398, -0.039215592111079896, 0.08085713516339857, 0.995953945234691, -0.947758133436296, 0.31276506759829514, -0.06270991146208417], "cam_t_m2c": [-82.77383347326528, 1.5392159614987975, 2073.652564576014], "obj_id": 1}
],
  "80": [
  {"cam_R_m2c": [-0.297885347075911, -0.9523106187661889, 0.06609693928331487, -0.03960373704638483, 0.08150948737227523, 0.9958854088098036, -0.9537797775217425, 0.2940419848481966, -0.061995541267965804], "cam_t_m2c": [-49.041033304542694, -3.9689924738701166, 2173.964551501379], "obj_id": 1}
],
  "81": [
  {"cam_R_m2c": [-0.26235350256015555, -0.9622890132977991, 0.0719061512025656, -0.023738260337770566, 0.08092971115377956, 0.9964370912650242, -0.9646798094137526, 0.2597118340370988, -0.04407526030021512], "cam_t_m2c": [-27.243126431741857, -4.301972851610941, 2234.2086795208256], "obj_id": 1}
],
  "82": [
  {"cam_R_m2c": [-0.2465095915956514, -0.9663489826810386, 0.07350282254898027, -0.01724246004905596, 0.08020445930580891, 0.9966292902975107, -0.9689869549291166, 0.24441130984220955, -0.036433402234948516], "cam_t_m2c": [-10.090908947683097, -0.14382593725449055, 2275.7116589858874], "obj_id": 1}
],
  "83": [
  {"cam_R_m2c": [-0.24704378094188115, -0.966294176446134, 0.07242192253888163, -0.019297200954246717, 0.07962965605150774, 0.9966377154776205, -0.9688121532749636, 0.2448156090681443, -0.03831878420986524], "cam_t_m2c": [2.532455024625847, 1.5101029229989535, 2306.0425771787154], "obj_id": 1}
],
  "84": [
  {"cam_R_m2c": [-0.251637407968824, -0.9652779827216789, 0.07012154436047324, -0.018986218923446336, 0.07736254070266034, 0.9968222312865119, -0.9676353333780874, 0.24950641949415925, -0.03779428831823638], "cam_t_m2c": [11.81099602034812, -0.12267703890378812, 2329.209985834364], "obj_id": 1}
],
  "85": [
  {"cam_R_m2c": [-0.2546686712743886, -0.9645779847735104, 0.06879810434605646, -0.02037415006269525, 0.07648001382580444, 0.996862930143572, -0.9668137162248788, 0.2524680549603815, -0.039129520109011995], "cam_t_m2c": [19.074639669562224, -2.098257411976988, 2347.830849648117], "obj_id": 1}
],
  "86": [
  {"cam_R_m2c": [-0.354977380457554, -0.9324181447047903, 0.06773081122184743, -0.020462770840359787, 0.08018112117821025, 0.9965702498149039, -0.9346509157824795, 0.3523739366523605, -0.04754234318047818], "cam_t_m2c": [27.555360145552115, -1.466541308313822, 2361.091662793895], "obj_id": 1}
],
  "87": [
  {"cam_R_m2c": [-0.5483981411081129, -0.8338568608865389, 0.06278705584444695, -0.01437871620409075, 0.08447657116370194, 0.9963217158351745, -0.8360937335906116, 0.5454781796523774, -0.05831658575088272], "cam_t_m2c": [36.66015826320552, 1.7169728583002382, 2366.219858769733], "obj_id": 1}
],
  "88": [
  {"cam_R_m2c": [-0.7872126490550829, -0.6148509933515371, 0.04748158740298139, -0.007041799590021457, 0.08595266372661986, 0.9962743360424539, -0.6166414340816004, 0.7839454034388661, -0.07199268157848013], "cam_t_m2c": [44.39221733174092, 2.8262613752676486, 2364.1762531323047], "obj_id": 1}
],
  "89": [
  {"cam_R_m2c": [-0.9322308904518808, -0.36106435768249856, 0.02404363738327345, -0.007544169437750579, 0.0858216799334758, 0.9962819504341585, -0.36178536785612014, 0.9285834205200526, -0.08272955179674962], "cam_t_m2c": [47.02872958061999, 2.5457192975705425, 2357.7583052531804], "obj_id": 1}
],
  "90": [
  {"cam_R_m2c": [-0.9880010682248075, -0.15397121155568427, 0.012114256011557231, -0.0005331599605815085, 0.08183596967254857, 0.9966456691363336, -0.15444612305621444, 0.9846805269120682, -0.0809361167407745], "cam_t_m2c": [50.20749938767741, 1.2630446308832575, 2348.336310001345], "obj_id": 1}
],
  "91": [
  {"cam_R_m2c": [-0.9933103799151137, -0.11482848182289185, 0.012202824064242758, 0.002730756433301562, 0.0822871266075224, 0.996604922606737, -0.11544276556889588, 0.9899713372400878, -0.08142308837717684], "cam_t_m2c": [55.53682984972458, 0.3238345590266931, 2337.9815294542227], "obj_id": 1}
],
  "92": [
  {"cam_R_m2c": [-0.9897327362924884, -0.1422575960014646, 0.013852331604024784, 0.0015799369725983045, 0.08602178169906269, 0.9962920038183993, -0.14292170762395195, 0.9860846968963685, -0.08491381534621256], "cam_t_m2c": [61.64198934915411, -1.2488038967694308, 2326.404592322272], "obj_id": 1}
],
  "93": [
  {"cam_R_m2c": [-0.9888713304872114, -0.14805235705245615, 0.014628441874109062, 0.001227667490994802, 0.09020316435945248, 0.9959226285068902, -0.1487682243390157, 0.9848572935764621, -0.08901756408856977], "cam_t_m2c": [67.58941230093731, -2.359619656893358, 2317.4734577890445], "obj_id": 1}
],
  "94": [
  {"cam_R_m2c": [-0.9957548959926029, -0.08970351023381681, 0.020626860121996562, 0.012177526256575207, 0.09373846635560955, 0.9955223793464258, -0.09123538217726337, 0.9915474674351349, -0.09224816996525666], "cam_t_m2c": [74.19973043308892, 0.718311824877901, 2318.9292699898115], "obj_id": 1}
],
  "95": [
  {"cam_R_m2c": [-0.9976260634688014, -0.06791280152699974, 0.011405651077306837, 0.005406532506317889, 0.0878724739073087, 0.996117060257311, -0.06865134298759973, 0.9938140066019212, -0.08729669746236235], "cam_t_m2c": [73.5529838600199, 7.361848026580077, 2337.3917953493424], "obj_id": 1}
],
  "96": [
  {"cam_R_m2c": [-0.9934636646012667, -0.11397800708448527, 0.006241876165940876, -0.0029332533956922605, 0.0801544667004648, 0.9967781385506411, -0.11411109999267638, 0.9902445533144896, -0.0799648765987186], "cam_t_m2c": [71.79477251089003, 7.421006250357635, 2344.985382125954], "obj_id": 1}
],
  "97": [
  {"cam_R_m2c": [-0.9786365543701749, -0.20454683208499466, 0.020762657211064663, 0.003889236916335994, 0.08255070160008579, 0.9965792770781169, -0.20556110596773852, 0.9753696607693549, -0.07999160308428378], "cam_t_m2c": [75.30588681805514, 7.378375167604844, 2343.3975620230917], "obj_id": 1}
],
  "98": [
  {"cam_R_m2c": [-0.7936273286980894, -0.606536490735455, 0.04763558071288759, -0.0014998026772679966, 0.08024610427483127, 0.9967739529806355, -0.6084023452744606, 0.7909956056483702, -0.06459518642672828], "cam_t_m2c": [70.16113761536204, 11.778814935169635, 2346.502790356143], "obj_id": 1}
],
  "99": [
  {"cam_R_m2c": [-0.4769543116787927, -0.8751509641547439, 0.08139640354481911, -0.0005290756358597264, 0.09289457277466148, 0.9956758099039992, -0.8789279291557304, 0.4748488057140242, -0.044769488069267456], "cam_t_m2c": [60.81881331821089, 13.189313463099921, 2347.4377737807868], "obj_id": 1}
],
  "100": [
  {"cam_R_m2c": [-0.30627152624683235, -0.947156034158196, 0.09535826743473262, 0.01520761446416831, 0.0952911598897242, 0.9953332724817252, -0.9518227149384202, 0.30629241225435067, -0.014780985172368128], "cam_t_m2c": [58.2010133389438, 9.575599854113534, 2349.745396396688], "obj_id": 1}
],
  "101": [
  {"cam_R_m2c": [-0.08541763922537353, -0.9927470126777582, 0.08460021116138301, -0.0043887964235978065, 0.08528461241540947, 0.9963469643407891, -0.9963355686590316, 0.08473431243917685, -0.011641774793552651], "cam_t_m2c": [54.6671049860235, 5.91737483976047, 2349.7431730272383], "obj_id": 1}
],
  "102": [
  {"cam_R_m2c": [0.43628845759408263, -0.8968759658919039, 0.07256640803871012, -0.014261417303014935, 0.07374412353836257, 0.9971752184145313, -0.8996938333381449, -0.43609093782033925, 0.019382987496550815], "cam_t_m2c": [41.87306545104145, 6.103300491193153, 2344.0065185171247], "obj_id": 1}
],
  "103": [
  {"cam_R_m2c": [0.8235797929827846, -0.5640415586518193, 0.059778296262605515, -0.02201934588361736, 0.07351817786624361, 0.9970507639684577, -0.566772858380931, -0.8224671407642095, 0.048128259534863556], "cam_t_m2c": [30.965125657155447, 5.817804721661702, 2332.453690318535], "obj_id": 1}
],
  "104": [
  {"cam_R_m2c": [0.9994147397154097, -0.027349675203099194, 0.02054685634992894, -0.01873736884052729, 0.06484866974954491, 0.9977191794491316, -0.028619731803664228, -0.9975202480641681, 0.06429825544668306], "cam_t_m2c": [26.45329528824208, 5.31360234260859, 2316.0042427833673], "obj_id": 1}
],
  "105": [
  {"cam_R_m2c": [0.9664723429387448, 0.25510081764460707, -0.029236675110995362, 0.015547111540614979, 0.05551606553301312, 0.9983367436844534, 0.2562996247699881, -0.9653193975595781, 0.049688661060409464], "cam_t_m2c": [21.173901954023542, 1.2482131499558307, 2301.4474240455024], "obj_id": 1}
],
  "106": [
  {"cam_R_m2c": [0.9634912171508361, 0.26537050335114515, -0.03554110893544172, 0.02117415166431047, 0.056805967547683495, 0.9981606771218093, 0.2669013483939297, -0.9624715985431113, 0.04911305552875704], "cam_t_m2c": [19.729705579931043, -0.9264733686005968, 2292.5657622485833], "obj_id": 1}
],
  "107": [
  {"cam_R_m2c": [0.9699214595151386, 0.24136436166647462, -0.03155324530629051, 0.016472886830364096, 0.06424463491553556, 0.9977982115057352, 0.2428600551171348, -0.9683056706442987, 0.058336282248678706], "cam_t_m2c": [19.39606827116708, -4.578634168964896, 2286.374095691834], "obj_id": 1}
],
  "108": [
  {"cam_R_m2c": [0.9214685368652225, 0.38507931114296845, -0.05108482844370784, 0.028002042145603673, 0.06531813005274292, 0.9974715171482788, 0.3874424101761992, -0.9205690989904395, 0.04940559463044806], "cam_t_m2c": [10.157295900132262, -11.57779179420615, 2279.812908097243], "obj_id": 1}
],
  "109": [
  {"cam_R_m2c": [0.6756862759601288, 0.7351996362374061, -0.05412533007306256, 0.0085021918245437, 0.0656444977250676, 0.9978068513758572, 0.7371402642735716, -0.6746645794725027, 0.038104277868499056], "cam_t_m2c": [15.59587713512964, -12.96861916247741, 2266.175642479565], "obj_id": 1}
],
  "110": [
  {"cam_R_m2c": [0.3662907753522976, 0.927866526202345, -0.069962686090556, 0.008368604383081258, 0.0719002248620749, 0.9973767212670759, 0.9304628065390319, -0.36591538259271916, 0.01857144123464278], "cam_t_m2c": [30.27053669461646, -17.995401336600082, 2254.2678822779762], "obj_id": 1}
],
  "111": [
  {"cam_R_m2c": [0.2952884843946894, 0.9530000348450268, -0.06779118356589532, 0.01529784875679787, 0.06622991531237434, 0.9976871123459147, 0.9552856571765859, -0.29564257457797466, 0.004978080915897472], "cam_t_m2c": [39.37743327919559, -22.237096936626102, 2244.259128763284], "obj_id": 1}
],
  "112": [
  {"cam_R_m2c": [0.3156741287841816, 0.9467034874925736, -0.06404959941909445, 0.011993227024404493, 0.0635148280283956, 0.9979088280629972, 0.9487918670192579, -0.31578216129148556, 0.008695958152447128], "cam_t_m2c": [45.48699674317685, -20.01510985101669, 2236.29399338295], "obj_id": 1}
],
  "113": [
  {"cam_R_m2c": [0.3410123784428605, 0.9380636539323857, -0.06121387848980701, 0.006970096029734035, 0.06259220285910594, 0.998014846534149, 0.9400329651188194, -0.34076208314932277, 0.014806322219049945], "cam_t_m2c": [51.523171924152265, -15.257667284444437, 2227.5677120896103], "obj_id": 1}
],
  "114": [
  {"cam_R_m2c": [0.3727768420436952, 0.9258294704102765, -0.0622673088848146, 0.004679304932642866, 0.06522765502333844, 0.9978594375589699, 0.9279092251622878, -0.3722702576623377, 0.01998312084583889], "cam_t_m2c": [55.44862155175942, -11.666316342610031, 2217.9354873462803], "obj_id": 1}
],
  "115": [
  {"cam_R_m2c": [0.41851305964210556, 0.905976109509052, -0.06367187689903421, 0.004614163080460728, 0.06798501026873313, 0.9976756726901921, 0.9081990577004969, -0.4178340907317192, 0.024272293141091493], "cam_t_m2c": [57.90222551029137, -9.839417872839078, 2210.436689948453], "obj_id": 1}
],
  "116": [
  {"cam_R_m2c": [0.4614552284526055, 0.8848344125660133, -0.0642427775918191, 0.007331477371203175, 0.06860777895206127, 0.997616771163567, 0.8871332039628035, -0.460826469515612, 0.025172274836959857], "cam_t_m2c": [59.29673314884013, -8.916731483814772, 2204.8776576477317], "obj_id": 1}
],
  "117": [
  {"cam_R_m2c": [0.4552071989992321, 0.8880168236613147, -0.06490398195598623, 0.012306691966088234, 0.06661225737617629, 0.9977030382333724, 0.8903004837200333, -0.454960358780542, 0.019393829589721405], "cam_t_m2c": [54.4937885190175, -8.892065833152401, 2189.445361575891], "obj_id": 1}
],
  "118": [
  {"cam_R_m2c": [0.46104751891406603, 0.885147174647583, -0.0628463564304654, 0.005459219712608805, 0.06799210846703271, 0.9976709227527566, 0.8873586547858275, -0.46031679569575595, 0.02651538001006556], "cam_t_m2c": [47.893308085342824, -10.546596719311538, 2174.5364754154143], "obj_id": 1}
],
  "119": [
  {"cam_R_m2c": [0.4855816134793379, 0.8720546430076165, -0.06108351872363928, 0.0004114207695223998, 0.06964633393216144, 0.9975716610363188, 0.87419124188232, -0.4844275877555573, 0.03346019781140809], "cam_t_m2c": [43.709294734822564, -13.613741402288582, 2163.752177404352], "obj_id": 1}
],
  "120": [
  {"cam_R_m2c": [0.12814928819028887, 0.9899402145089886, -0.05996775495397348, -0.004715487076157614, 0.06107381812211153, 0.9981221132314532, 0.99174367863776, -0.12762586116412591, 0.012494616607097737], "cam_t_m2c": [59.05705708479961, -8.28113016409904, 2163.290144904716], "obj_id": 1}
],
  "121": [
  {"cam_R_m2c": [-0.23756460335425575, 0.9694938785411564, -0.060371174449079266, 0.004699499289595519, 0.0632968221151837, 0.9979836807365873, 0.9713603728480809, 0.23680188297677202, -0.019593220232849717], "cam_t_m2c": [71.80231310591907, -4.649600295634798, 2167.2763965881095], "obj_id": 1}
],
  "122": [
  {"cam_R_m2c": [-0.35005538461419405, 0.9353309897212041, -0.05115825807982164, 0.005739458397914551, 0.05675433059510168, 0.998371676569403, 0.9367114210470091, 0.34919176053546114, -0.025235452328774388], "cam_t_m2c": [78.05752256113824, -3.0468986047475823, 2168.592139037787], "obj_id": 1}
],
  "123": [
  {"cam_R_m2c": [-0.3033265781514347, 0.9516770579999786, -0.047997544348087395, 0.017841824878337315, 0.056034113985505, 0.9982694262346563, 0.9527196105213496, 0.3019452853521057, -0.03397629146453742], "cam_t_m2c": [89.00952824185319, 0.2719105648796756, 2148.4491132126886], "obj_id": 1}
],
  "124": [
  {"cam_R_m2c": [-0.263236265608301, 0.9636929945465902, -0.044749086364100604, 0.030095580548383148, 0.05456547574090218, 0.9980565439335715, 0.9642618547365918, 0.2613779277578633, -0.043366512206464744], "cam_t_m2c": [115.57228645412101, 6.8861246680264685, 2071.6971358165574], "obj_id": 1}
],
  "125": [
  {"cam_R_m2c": [-0.2632557400660949, 0.9636777755828615, -0.0449617634209402, 0.008579165958596872, 0.04894243750729642, 0.9987647549459779, 0.964687935673349, 0.262544820285056, -0.02115192917395861], "cam_t_m2c": [147.1160720048852, 5.363562611259255, 1962.8966265160707], "obj_id": 1}
],
  "126": [
  {"cam_R_m2c": [-0.2577061026761672, 0.9653536920300255, -0.040985533148410525, 0.003382460049429801, 0.04331936087538225, 0.9990555499757572, 0.9662174308133107, 0.25732408021276815, -0.014428933958478173], "cam_t_m2c": [180.67402256272158, -2.0542895420775267, 1846.2599299528965], "obj_id": 1}
],
  "127": [
  {"cam_R_m2c": [-0.25138654143775263, 0.9670322615059639, -0.04066216903493909, 0.0015030114514031079, 0.04240126468636168, 0.9990995314329669, 0.9678856067431427, 0.25109906005331445, -0.012112567845010734], "cam_t_m2c": [213.37947866533747, -9.374096985571725, 1728.2167457536166], "obj_id": 1}
],
  "128": [
  {"cam_R_m2c": [-0.24758181626508008, 0.9680617335036238, -0.039493346032503276, 0.0015683083367500992, 0.04116277736336215, 0.9991512228730421, 0.9688657206568128, 0.2473097367385547, -0.011709374469278668], "cam_t_m2c": [244.65961050810662, -13.851725729716037, 1614.3808160514295], "obj_id": 1}
],
  "129": [
  {"cam_R_m2c": [-0.2421544220955479, 0.9694342271924161, -0.039478031959738695, -0.007098648170825381, 0.038917709542942255, 0.999217204154371, 0.9702117526878953, 0.2422451052792897, -0.0025424229600584727], "cam_t_m2c": [271.107330161385, -17.578182525821603, 1519.1440180028044], "obj_id": 1}
],
  "130": [
